null/0/0
anima2/6/66
Toucher/false/8,8,8,8,8,8,8,8,8,8,8,8,8,8,8,8,8,8,8,8,8,8,8,8,8,8,8,8,8,8,8,8,8,8,8,8,8,8,8,8,8,8,8,8,8,8,8,8,8,8,8,8,8,8,8,8,8,8,8,8,8,8,8,8,8,8/false/-1
FCE/false/2,2,2,2,2,2,2,2,2,2,2,2,2,2,2,3,3,3,3,3,3,3,3,3,3,5,5,5,5,5,5,5,5,5,5,8,8,8,8,8,8,8,8,8,8,9,9,9,9,9,9,9,9,9,9,10,10,10,10,12,13,13,13,13,13,14/true/-1
VIT/false/2,2,2,2,2,2,2,2,2,2,2,2,2,2,2,2,2,2,2,2,2,2,2,2,2,4,4,4,4,4,4,4,4,4,4,5,5,5,5,5,5,5,5,5,5,7,7,7,7,7,7,7,7,7,7,8,8,8,8,10,11,11,11,11,11,11/true/-1
INT/false/2,2,2,2,2,2,2,2,2,2,2,2,2,2,2,2,2,2,2,2,2,2,2,2,2,4,4,4,4,4,4,4,4,4,4,5,5,5,5,5,5,5,5,5,5,7,7,7,7,7,7,7,7,7,7,8,8,8,8,10,11,11,11,11,11,11/true/-1
VOL/false/5,5,5,5,5,5,5,5,5,5,5,5,5,5,5,5,5,5,5,5,5,5,5,5,5,7,7,7,7,7,7,7,7,7,7,8,8,8,8,8,8,8,8,8,8,10,10,10,10,10,10,10,10,10,10,11,11,11,11,13,14,14,14,14,14,14/true/-1
AGI/false/2,2,2,2,2,2,2,2,2,2,2,2,2,2,2,2,2,2,2,2,2,2,2,2,2,4,4,4,4,4,4,4,4,4,4,5,5,5,5,5,5,5,5,5,5,7,7,7,7,7,7,7,7,7,7,8,8,8,8,10,11,11,11,11,11,11/true/-1
anima3/3/66
Toucher/false/8,8,8,8,8,8,8,8,8,8,8,8,8,8,8,8,8,8,8,8,8,8,8,8,8,8,8,8,8,8,8,8,8,8,8,8,8,8,8,8,8,8,8,8,8,8,8,8,8,8,8,8,8,8,8,8,8,8,8,8,8,8,8,8,8,8/false/-1
TCCM/false/0,0,0,0,1,1,1,1,1,1,1,1,1,1,2,2,2,2,2,2,2,2,2,2,2,2,3,3,3,3,3,3,3,3,3,3,3,3,3,3,3,4,4,4,4,4,4,4,4,4,4,4,4,4,4,4,5,5,5,5,5,5,5,5,5,5/false/-1
DCCM/false/1,1,1,1,2,2,2,2,3,3,3,3,4,4,4,4,5,5,5,5,6,6,6,6,6,6,7,7,7,7,7,7,8,8,8,8,8,8,9,9,9,9,9,9,10,10,10,10,10,10,11,11,11,11,11,11,12,12,12,12,12,12,13,13,13,13/false/-1
anima4/3/66
Toucher/false/8,8,8,8,8,8,8,8,8,8,8,8,8,8,8,8,8,8,8,8,8,8,8,8,8,8,8,8,8,8,8,8,8,8,8,8,8,8,8,8,8,8,8,8,8,8,8,8,8,8,8,8,8,8,8,8,8,8,8,8,8,8,8,8,8,8/false/-1
TCCP/false/0,0,0,0,1,1,1,1,1,1,1,1,1,1,2,2,2,2,2,2,2,2,2,2,2,2,3,3,3,3,3,3,3,3,3,3,3,3,3,3,3,4,4,4,4,4,4,4,4,4,4,4,4,4,4,4,5,5,5,5,5,5,5,5,5,5/false/-1
DCCP/false/1,1,1,1,2,2,2,2,3,3,3,3,4,4,4,4,5,5,5,5,6,6,6,6,6,6,7,7,7,7,7,7,8,8,8,8,8,8,9,9,9,9,9,9,10,10,10,10,10,10,11,11,11,11,11,11,12,12,12,12,12,12,13,13,13,13/false/-1
anima5/4/66
Toucher/false/8,8,8,8,8,8,8,8,8,8,8,8,8,8,8,8,8,8,8,8,8,8,8,8,8,8,8,8,8,8,8,8,8,8,8,8,8,8,8,8,8,8,8,8,8,8,8,8,8,8,8,8,8,8,8,8,8,8,8,8,8,8,8,8,8,8/false/-1
DefP/false/6,12,17,23,29,35,40,46,52,58,63,69,75,81,86,92,98,104,109,115,121,127,132,138,144,150,155,161,167,173,178,184,190,196,201,207,213,219,224,230,236,242,247,253,259,265,270,276,282,288,293,299,305,311,316,322,328,334,339,345,351,357,362,368,374,380/true/-1
DefM/false/5,9,14,18,23,28,32,37,41,46,51,55,60,64,69,74,78,83,87,92,97,101,106,110,115,120,124,129,133,138,143,147,152,156,161,166,170,175,179,184,189,193,198,202,207,212,216,221,225,230,235,239,244,248,253,258,262,267,271,276,281,285,290,294,299,304/true/-1
Parade/false/0,0,0,0,1,1,1,1,2,2,2,2,2,2,2,2,3,3,3,3,3,3,3,4,4,4,4,4,4,4,4,4,5,5,5,5,5,5,5,5,5,5,5,5,6,6,6,6,6,6,6,6,6,7,7,7,7,7,7,7,7,7,8,8,8,8/false/-1
anima6/2/66
Toucher/false/10,10,10,10,11,11,11,11,12,12,12,12,13,13,13,13,13,13,13,13,14,14,14,14,15,15,15,15,16,16,16,16,16,16,16,16,17,17,17,17,18,18,18,18,19,19,19,19,19,19,19,19,20,20,20,20,21,21,21,21,22,22,22,22,22,22/false/-1
ESQ/false/2,2,2,2,2,2,2,2,3,3,3,3,3,3,3,3,4,4,4,4,4,4,4,4,5,5,5,5,5,5,5,5,6,6,6,6,6,6,6,6,7,7,7,7,7,7,7,7,8,8,8,8,8,8,8,8,9,9,9,9,9,9,9,9,10,10/false/-1
anima7/4/66
Toucher/false/8,8,8,8,8,8,8,8,8,8,8,8,8,8,8,8,8,8,8,8,8,8,8,8,8,8,8,8,8,8,8,8,8,8,8,8,8,8,8,8,8,8,8,8,8,8,8,8,8,8,8,8,8,8,8,8,8,8,8,8,8,8,8,8,8,8/false/-1
Atk/false/6,13,19,25,31,38,44,50,56,63,69,75,81,88,94,100,106,113,119,125,131,138,144,150,156,163,169,175,181,188,194,200,206,213,219,225,231,238,244,250,256,263,269,275,281,288,294,300,306,313,319,325,331,338,344,350,356,363,369,375,381,388,394,400,406,413/true/-1
AtkD/false/6,13,19,25,31,38,44,50,56,63,69,75,81,88,94,100,106,113,119,125,131,138,144,150,156,163,169,175,181,188,194,200,206,213,219,225,231,238,244,250,256,263,269,275,281,288,294,300,306,313,319,325,331,338,344,350,356,363,369,375,381,388,394,400,406,413/true/-1
AtkM/false/5,10,15,20,25,30,35,40,45,50,55,60,65,70,75,80,85,90,95,100,105,110,115,120,125,130,135,140,145,150,155,160,165,170,175,180,185,190,195,200,205,210,215,220,225,230,235,240,245,250,255,260,265,270,275,280,285,290,295,300,305,310,315,320,325,330/true/-1
anima8/1/66
PM/false/15,30,45,60,75,90,105,120,135,150,165,180,195,210,225,240,255,270,285,300,315,330,345,360,375,390,405,420,435,450,465,480,495,510,525,540,555,570,585,600,615,630,645,660,675,690,705,720,735,750,765,780,795,810,825,840,855,870,885,900,915,930,945,960,975,990/false/-1