null/0/0/0
100evo0R-0/6/91/10
DefP/false/878,885,892,899,906,914,921,928,935,942/true/-1
DefM/false/656,660,665,670,675,680,684,689,694,699/true/-1
FCE/false/29,29,29,29,29,30,30,30,30,30/true/-1
VIT/false/20,20,20,20,20,21,21,21,21,21/true/-1
PV/false/1104,1104,1104,1104,1104,1104,1104,1104,1104,1104/false/-1
PM/false/276,276,276,276,276,276,276,276,276,276/false/-1
100evo0R-1/6/91/10
DefP/false/1142,1151,1161,1170,1180,1190,1199,1209,1218,1228/true/-1
DefM/false/854,861,868,875,882,890,897,904,911,918/true/-1
FCE/false/46,46,46,46,46,48,48,48,48,48/true/-1
VIT/false/51,51,51,51,51,53,53,53,53,53/true/-1
PV/false/1242,1242,1242,1242,1242,1242,1242,1242,1242,1242/false/-1
PM/false/486,486,486,486,486,486,486,486,486,486/false/-1
100evo0R-2/6/91/10
DefP/false/1053,1061,1070,1078,1086,1095,1103,1112,1120,1128/true/-1
DefM/false/788,794,800,806,812,818,824,830,836,842/true/-1
FCE/false/48,48,48,48,48,51,51,51,51,51/true/-1
VIT/false/48,48,48,48,48,51,51,51,51,51/true/-1
PV/false/876,876,876,876,876,876,876,876,876,876/false/-1
PM/false/396,396,396,396,396,396,396,396,396,396/false/-1
100evo0R-3/6/91/10
DefP/false/527,532,537,542,546,551,556,561,566,570/true/-1
DefM/false/394,398,401,405,408,412,416,419,423,426/true/-1
FCE/false/20,20,20,20,20,21,21,21,21,21/true/-1
VIT/false/29,29,29,29,29,30,30,30,30,30/true/-1
PV/false/1002,1002,1002,1002,1002,1002,1002,1002,1002,1002/false/-1
PM/false/378,378,378,378,378,378,378,378,378,378/false/-1
100evo0R-4/6/91/10
DefP/false/615,620,624,629,634,639,644,648,653,658/true/-1
DefM/false/460,464,467,471,474,478,482,485,489,492/true/-1
FCE/false/24,24,24,24,24,26,26,26,26,26/true/-1
VIT/false/24,24,24,24,24,26,26,26,26,26/true/-1
PV/false/1104,1104,1104,1104,1104,1104,1104,1104,1104,1104/false/-1
PM/false/28,28,28,28,28,28,28,28,28,28/false/-1
100evo0-0/6/91/10
DefP/false/731,737,743,749,755,761,767,773,779,785/true/-1
DefM/false/546,550,554,558,562,566,570,574,578,582/true/-1
FCE/false/24,24,24,24,24,25,25,25,25,25/true/-1
VIT/false/16,16,16,16,16,17,17,17,17,17/true/-1
PV/false/920,920,920,920,920,920,920,920,920,920/false/-1
PM/false/230,230,230,230,230,230,230,230,230,230/false/-1
100evo0-1/6/91/10
DefP/false/951,959,967,975,983,991,999,1007,1015,1023/true/-1
DefM/false/711,717,723,729,735,741,747,753,759,765/true/-1
FCE/false/38,38,38,38,38,40,40,40,40,40/true/-1
VIT/false/42,42,42,42,42,44,44,44,44,44/true/-1
PV/false/1035,1035,1035,1035,1035,1035,1035,1035,1035,1035/false/-1
PM/false/405,405,405,405,405,405,405,405,405,405/false/-1
100evo0-2/6/91/10
DefP/false/877,884,891,898,905,912,919,926,933,940/true/-1
DefM/false/656,661,666,671,676,681,686,691,696,701/true/-1
FCE/false/40,40,40,40,40,42,42,42,42,42/true/-1
VIT/false/40,40,40,40,40,42,42,42,42,42/true/-1
PV/false/730,730,730,730,730,730,730,730,730,730/false/-1
PM/false/330,330,330,330,330,330,330,330,330,330/false/-1
100evo0-3/6/91/10
DefP/false/439,443,447,451,455,459,463,467,471,475/true/-1
DefM/false/328,331,334,337,340,343,346,349,352,355/true/-1
FCE/false/16,16,16,16,16,17,17,17,17,17/true/-1
VIT/false/24,24,24,24,24,25,25,25,25,25/true/-1
PV/false/835,835,835,835,835,835,835,835,835,835/false/-1
PM/false/315,315,315,315,315,315,315,315,315,315/false/-1
100evo0-4/6/91/10
DefP/false/512,516,520,524,528,532,536,540,544,548/true/-1
DefM/false/383,386,389,392,395,398,401,404,407,410/true/-1
FCE/false/20,20,20,20,20,21,21,21,21,21/true/-1
VIT/false/20,20,20,20,20,21,21,21,21,21/true/-1
PV/false/920,920,920,920,920,920,920,920,920,920/false/-1
PM/false/23,23,23,23,23,23,23,23,23,23/false/-1
90evo0R-0/6/76/15
DefP/false/777,784,790,797,804,810,818,824,831,838,844,851,857,864,870/true/-1
DefM/false/581,586,591,596,602,606,611,616,621,627,632,636,641,646,651/true/-1
FCE/false/26,26,26,26,26,27,27,27,27,27,28,28,28,28,28/true/-1
VIT/false/16,16,16,16,16,17,17,17,17,17,18,18,18,18,18/true/-1
PV/false/816,816,816,816,816,960,960,960,960,960,960,960,960,960,960/false/-1
PM/false/204,204,204,204,204,240,240,240,240,240,240,240,240,240,240/false/-1
90evo0R-1/6/76/15
DefP/false/1010,1018,1028,1036,1044,1054,1062,1071,1080,1089,1097,1106,1115,1124,1132/true/-1
DefM/false/755,761,768,774,782,788,795,801,808,814,821,827,833,840,846/true/-1
FCE/false/39,39,39,39,39,41,41,41,41,41,44,44,44,44,44/true/-1
VIT/false/44,44,44,44,44,46,46,46,46,46,48,48,48,48,48/true/-1
PV/false/918,918,918,918,918,1080,1080,1080,1080,1080,1080,1080,1080,1080,1080/false/-1
PM/false/162,162,162,162,162,324,324,324,324,324,324,324,324,324,324/false/-1
90evo0R-2/6/76/15
DefP/false/932,940,948,957,965,972,981,989,996,1005,1013,1022,1029,1037,1044/true/-1
DefM/false/698,704,710,716,722,728,734,740,746,752,758,764,770,776,782/true/-1
FCE/false/41,41,41,41,41,44,44,44,44,44,46,46,46,46,46/true/-1
VIT/false/41,41,41,41,41,44,44,44,44,44,46,46,46,46,46/true/-1
PV/false/756,756,756,756,756,816,816,816,816,816,816,816,816,816,816/false/-1
PM/false/324,324,324,324,324,360,360,360,360,360,360,360,360,360,360/false/-1
90evo0R-3/6/76/15
DefP/false/466,471,474,478,483,486,490,495,498,503,507,510,515,519,522/true/-1
DefM/false/348,352,354,358,360,364,366,370,372,376,378,382,384,388,390/true/-1
FCE/false/16,16,16,16,16,17,17,17,17,17,18,18,18,18,18/true/-1
VIT/false/26,26,26,26,26,27,27,27,27,27,28,28,28,28,28/true/-1
PV/false/762,762,762,762,762,882,882,882,882,882,882,882,882,882,882/false/-1
PM/false/258,258,258,258,258,318,318,318,318,318,318,318,318,318,318/false/-1
90evo0R-4/6/76/15
DefP/false/544,549,554,558,563,568,573,576,581,586,591,596,600,605,610/true/-1
DefM/false/407,411,414,417,420,424,428,431,435,438,442,446,449,453,456/true/-1
FCE/false/21,21,21,21,21,22,22,22,22,22,23,23,23,23,23/true/-1
VIT/false/21,21,21,21,21,22,22,22,22,22,23,23,23,23,23/true/-1
PV/false/816,816,816,816,816,960,960,960,960,960,960,960,960,960,960/false/-1
PM/false/204,204,204,204,204,240,240,240,240,240,240,240,240,240,240/false/-1
90evo0-0/6/76/15
DefP/false/647,653,658,664,670,675,681,686,692,698,703,709,714,720,725/true/-1
DefM/false/484,488,492,496,501,505,509,513,517,522,526,530,534,538,542/true/-1
FCE/false/21,21,21,21,21,22,22,22,22,22,23,23,23,23,23/true/-1
VIT/false/13,13,13,13,13,14,14,14,14,14,15,15,15,15,15/true/-1
PV/false/680,680,680,680,680,800,800,800,800,800,800,800,800,800,800/false/-1
PM/false/170,170,170,170,170,200,200,200,200,200,200,200,200,200,200/false/-1
90evo0-1/6/76/15
DefP/false/841,848,856,863,870,878,885,892,900,907,914,921,929,936,943/true/-1
DefM/false/629,634,640,645,651,656,662,667,673,678,684,689,694,700,705/true/-1
FCE/false/32,32,32,32,32,34,34,34,34,34,36,36,36,36,36/true/-1
VIT/false/36,36,36,36,36,38,38,38,38,38,40,40,40,40,40/true/-1
PV/false/765,765,765,765,765,900,900,900,900,900,900,900,900,900,900/false/-1
PM/false/135,135,135,135,135,270,270,270,270,270,270,270,270,270,270/false/-1
90evo0-2/6/76/15
DefP/false/776,783,790,797,804,810,817,824,830,837,844,851,857,864,870/true/-1
DefM/false/581,586,591,596,601,606,611,616,621,626,631,636,641,646,651/true/-1
FCE/false/34,34,34,34,34,36,36,36,36,36,38,38,38,38,38/true/-1
VIT/false/34,34,34,34,34,36,36,36,36,36,38,38,38,38,38/true/-1
PV/false/630,630,630,630,630,680,680,680,680,680,680,680,680,680,680/false/-1
PM/false/270,270,270,270,270,300,300,300,300,300,300,300,300,300,300/false/-1
90evo0-3/6/76/15
DefP/false/388,392,395,398,402,405,408,412,415,419,422,425,429,432,435/true/-1
DefM/false/290,293,295,298,300,303,305,308,310,313,315,318,320,323,325/true/-1
FCE/false/13,13,13,13,13,14,14,14,14,14,15,15,15,15,15/true/-1
VIT/false/21,21,21,21,21,22,22,22,22,22,23,23,23,23,23/true/-1
PV/false/635,635,635,635,635,735,735,735,735,735,735,735,735,735,735/false/-1
PM/false/215,215,215,215,215,265,265,265,265,265,265,265,265,265,265/false/-1
90evo0-4/6/76/15
DefP/false/453,457,461,465,469,473,477,480,484,488,492,496,500,504,508/true/-1
DefM/false/339,342,345,347,350,353,356,359,362,365,368,371,374,377,380/true/-1
FCE/false/17,17,17,17,17,18,18,18,18,18,19,19,19,19,19/true/-1
VIT/false/17,17,17,17,17,18,18,18,18,18,19,19,19,19,19/true/-1
PV/false/680,680,680,680,680,800,800,800,800,800,800,800,800,800,800/false/-1
PM/false/170,170,170,170,170,200,200,200,200,200,200,200,200,200,200/false/-1
75evo0R-0/6/61/15
DefP/false/672,680,687,694,701,708,714,722,729,736,742,749,756,764,770/true/-1
DefM/false/503,508,514,520,525,530,534,539,545,550,556,561,566,572,576/true/-1
FCE/false/21,21,21,21,21,22,22,22,22,22,23,23,23,23,23/true/-1
VIT/false/14,14,14,14,14,15,15,15,15,15,16,16,16,16,16/true/-1
PV/false/672,672,672,672,672,672,672,672,672,672,816,816,816,816,816/false/-1
PM/false/168,168,168,168,168,168,168,168,168,168,204,204,204,204,204/false/-1
75evo0R-1/6/61/15
DefP/false/875,884,893,902,911,920,929,939,947,956,965,974,983,992,1001/true/-1
DefM/false/654,660,669,675,682,688,695,702,708,714,723,729,735,742,749/true/-1
FCE/false/32,32,32,32,32,34,34,34,34,34,36,36,36,36,36/true/-1
VIT/false/36,36,36,36,36,39,39,39,39,39,41,41,41,41,41/true/-1
PV/false/900,900,900,900,900,900,900,900,900,900,918,918,918,918,918/false/-1
PM/false/0,0,0,0,0,0,0,0,0,0,162,162,162,162,162/false/-1
75evo0R-2/6/61/15
DefP/false/807,815,824,833,842,850,857,866,874,882,891,899,908,916,923/true/-1
DefM/false/604,610,616,623,629,635,641,648,654,660,666,674,680,684,690/true/-1
FCE/false/34,34,34,34,34,36,36,36,36,36,39,39,39,39,39/true/-1
VIT/false/34,34,34,34,34,36,36,36,36,36,39,39,39,39,39/true/-1
PV/false/360,360,360,360,360,360,360,360,360,360,756,756,756,756,756/false/-1
PM/false/540,540,540,540,540,540,540,540,540,540,324,324,324,324,324/false/-1
75evo0R-3/6/61/15
DefP/false/404,408,412,417,420,425,429,434,437,442,446,449,454,458,462/true/-1
DefM/false/303,305,309,311,316,318,322,324,327,330,333,336,339,344,346/true/-1
FCE/false/14,14,14,14,14,15,15,15,15,15,16,16,16,16,16/true/-1
VIT/false/21,21,21,21,21,22,22,22,22,22,23,23,23,23,23/true/-1
PV/false/336,336,336,336,336,336,336,336,336,336,762,762,762,762,762/false/-1
PM/false/504,504,504,504,504,504,504,504,504,504,258,258,258,258,258/false/-1
75evo0R-4/6/61/15
DefP/false/471,476,480,486,491,496,501,506,510,515,520,525,530,534,539/true/-1
DefM/false/352,356,359,363,368,371,375,378,382,384,388,393,396,400,404/true/-1
FCE/false/17,17,17,17,17,18,18,18,18,18,20,20,20,20,20/true/-1
VIT/false/17,17,17,17,17,18,18,18,18,18,20,20,20,20,20/true/-1
PV/false/378,378,378,378,378,378,378,378,378,378,816,816,816,816,816/false/-1
PM/false/462,462,462,462,462,462,462,462,462,462,204,204,204,204,204/false/-1
75evo0-0/6/61/15
DefP/false/560,566,572,578,584,590,595,601,607,613,618,624,630,636,641/true/-1
DefM/false/419,423,428,433,437,441,445,449,454,458,463,467,471,476,480/true/-1
FCE/false/17,17,17,17,17,18,18,18,18,18,19,19,19,19,19/true/-1
VIT/false/11,11,11,11,11,12,12,12,12,12,13,13,13,13,13/true/-1
PV/false/560,560,560,560,560,560,560,560,560,560,680,680,680,680,680/false/-1
PM/false/140,140,140,140,140,140,140,140,140,140,170,170,170,170,170/false/-1
75evo0-1/6/61/15
DefP/false/729,736,744,751,759,766,774,782,789,796,804,811,819,826,834/true/-1
DefM/false/545,550,557,562,568,573,579,585,590,595,602,607,612,618,624/true/-1
FCE/false/26,26,26,26,26,28,28,28,28,28,30,30,30,30,30/true/-1
VIT/false/30,30,30,30,30,32,32,32,32,32,34,34,34,34,34/true/-1
PV/false/750,750,750,750,750,750,750,750,750,750,765,765,765,765,765/false/-1
PM/false/0,0,0,0,0,0,0,0,0,0,135,135,135,135,135/false/-1
75evo0-2/6/61/15
DefP/false/672,679,686,694,701,708,714,721,728,735,742,749,756,763,769/true/-1
DefM/false/503,508,513,519,524,529,534,540,545,550,555,561,566,570,575/true/-1
FCE/false/28,28,28,28,28,30,30,30,30,30,32,32,32,32,32/true/-1
VIT/false/28,28,28,28,28,30,30,30,30,30,32,32,32,32,32/true/-1
PV/false/300,300,300,300,300,300,300,300,300,300,630,630,630,630,630/false/-1
PM/false/450,450,450,450,450,450,450,450,450,450,270,270,270,270,270/false/-1
75evo0-3/6/61/15
DefP/false/336,340,343,347,350,354,357,361,364,368,371,374,378,381,385/true/-1
DefM/false/252,254,257,259,263,265,268,270,272,275,277,280,282,286,288/true/-1
FCE/false/11,11,11,11,11,12,12,12,12,12,13,13,13,13,13/true/-1
VIT/false/17,17,17,17,17,18,18,18,18,18,19,19,19,19,19/true/-1
PV/false/280,280,280,280,280,280,280,280,280,280,635,635,635,635,635/false/-1
PM/false/420,420,420,420,420,420,420,420,420,420,215,215,215,215,215/false/-1
75evo0-4/6/61/15
DefP/false/392,396,400,405,409,413,417,421,425,429,433,437,441,445,449/true/-1
DefM/false/293,296,299,302,306,309,312,315,318,320,323,327,330,333,336/true/-1
FCE/false/14,14,14,14,14,15,15,15,15,15,16,16,16,16,16/true/-1
VIT/false/14,14,14,14,14,15,15,15,15,15,16,16,16,16,16/true/-1
PV/false/315,315,315,315,315,315,315,315,315,315,680,680,680,680,680/false/-1
PM/false/385,385,385,385,385,385,385,385,385,385,170,170,170,170,170/false/-1
60evo0R-0/6/31/30
DefP/false/456,464,472,479,486,495,502,509,516,524,531,538,545,552,560,566,573,580,587,593,600,608,615,622,629,636,644,651,658,665/true/-1
DefM/false/341,347,353,358,364,370,375,381,386,392,396,402,407,413,418,424,429,434,438,444,449,455,460,466,471,477,482,486,492,497/true/-1
FCE/false/9,9,9,9,9,12,12,12,12,12,12,12,12,12,12,15,15,15,15,15,15,15,15,15,15,16,16,16,16,20/true/-1
VIT/false/4,4,4,4,4,5,5,5,5,5,5,5,5,5,5,8,8,8,8,8,8,8,8,8,8,11,11,11,11,12/true/-1
PV/false/0,0,0,0,0,240,240,240,240,240,240,240,240,240,240,360,360,360,360,360,360,360,360,360,360,480,480,480,480,480/false/-1
PM/false/0,0,0,0,0,60,60,60,60,60,60,60,60,60,60,120,120,120,120,120,120,120,120,120,120,180,180,180,180,180/false/-1
60evo0R-1/6/31/30
DefP/false/593,603,614,623,633,642,652,662,671,681,690,699,708,718,726,736,744,754,762,772,782,790,800,809,819,828,837,846,856,864/true/-1
DefM/false/443,452,459,466,473,480,488,495,502,509,516,522,530,537,544,550,557,564,570,578,585,592,598,605,612,620,626,633,640,647/true/-1
FCE/false/9,9,9,9,9,12,12,12,12,12,12,12,12,12,12,17,17,17,17,17,17,17,17,17,17,22,22,22,22,29/true/-1
VIT/false/16,16,16,16,16,22,22,22,22,22,22,22,22,22,22,27,27,27,27,27,27,27,27,27,27,32,32,32,32,34/true/-1
PV/false/0,0,0,0,0,360,360,360,360,360,360,360,360,360,360,420,420,420,420,420,420,420,420,420,420,540,540,540,540,540/false/-1
PM/false/0,0,0,0,0,0,0,0,0,0,0,0,0,0,0,120,120,120,120,120,120,120,120,120,120,180,180,180,180,180/false/-1
60evo0R-2/6/31/30
DefP/false/548,557,566,575,584,593,602,611,620,628,636,646,654,663,671,680,688,696,704,712,720,730,738,747,755,764,773,782,790,798/true/-1
DefM/false/410,417,424,430,437,443,450,458,464,470,477,483,489,496,502,508,514,520,526,533,539,546,552,558,566,572,578,585,591,597/true/-1
FCE/false/12,12,12,12,12,17,17,17,17,17,17,17,17,17,17,22,22,22,22,22,22,22,22,22,22,27,27,27,27,32/true/-1
VIT/false/12,12,12,12,12,17,17,17,17,17,17,17,17,17,17,22,22,22,22,22,22,22,22,22,22,27,27,27,27,32/true/-1
PV/false/0,0,0,0,0,180,180,180,180,180,180,180,180,180,180,288,288,288,288,288,288,288,288,288,288,408,408,408,408,408/false/-1
PM/false/0,0,0,0,0,180,180,180,180,180,180,180,180,180,180,252,252,252,252,252,252,252,252,252,252,312,312,312,312,312/false/-1
60evo0R-3/6/31/30
DefP/false/274,279,282,287,292,297,300,305,310,314,318,323,327,332,335,340,344,348,352,356,360,365,369,374,377,382,387,390,395,399/true/-1
DefM/false/204,208,212,215,219,221,225,228,232,234,238,242,244,248,251,254,257,260,263,267,269,273,276,279,282,286,288,292,296,298/true/-1
FCE/false/4,4,4,4,4,5,5,5,5,5,5,5,5,5,5,8,8,8,8,8,8,8,8,8,8,11,11,11,11,12/true/-1
VIT/false/9,9,9,9,9,12,12,12,12,12,12,12,12,12,12,15,15,15,15,15,15,15,15,15,15,16,16,16,16,20/true/-1
PV/false/0,0,0,0,0,180,180,180,180,180,180,180,180,180,180,300,300,300,300,300,300,300,300,300,300,420,420,420,420,420/false/-1
PM/false/0,0,0,0,0,120,120,120,120,120,120,120,120,120,120,180,180,180,180,180,180,180,180,180,180,240,240,240,240,240/false/-1
60evo0R-4/6/31/30
DefP/false/320,324,330,335,341,346,351,357,362,366,371,376,382,387,392,396,401,406,411,416,420,425,430,436,441,446,450,455,461,466/true/-1
DefM/false/239,243,246,251,255,258,263,267,270,274,278,281,285,288,293,297,300,304,308,311,315,318,322,326,329,333,338,341,345,348/true/-1
FCE/false/6,6,6,6,6,9,9,9,9,9,9,9,9,9,9,11,11,11,11,11,11,11,11,11,11,14,14,14,14,16/true/-1
VIT/false/6,6,6,6,6,9,9,9,9,9,9,9,9,9,9,11,11,11,11,11,11,11,11,11,11,14,14,14,14,16/true/-1
PV/false/0,0,0,0,0,240,240,240,240,240,240,240,240,240,240,360,360,360,360,360,360,360,360,360,360,456,456,456,456,456/false/-1
PM/false/0,0,0,0,0,60,60,60,60,60,60,60,60,60,60,120,120,120,120,120,120,120,120,120,120,204,204,204,204,204/false/-1
60evo0-0/6/31/30
DefP/false/380,386,393,399,405,412,418,424,430,436,442,448,454,460,466,471,477,483,489,494,500,506,512,518,524,530,536,542,548,554/true/-1
DefM/false/284,289,294,298,303,308,312,317,321,326,330,335,339,344,348,353,357,361,365,370,374,379,383,388,392,397,401,405,410,414/true/-1
FCE/false/7,7,7,7,7,10,10,10,10,10,10,10,10,10,10,12,12,12,12,12,12,12,12,12,12,13,13,13,13,16/true/-1
VIT/false/3,3,3,3,3,4,4,4,4,4,4,4,4,4,4,6,6,6,6,6,6,6,6,6,6,9,9,9,9,10/true/-1
PV/false/0,0,0,0,0,200,200,200,200,200,200,200,200,200,200,300,300,300,300,300,300,300,300,300,300,400,400,400,400,400/false/-1
PM/false/0,0,0,0,0,50,50,50,50,50,50,50,50,50,50,100,100,100,100,100,100,100,100,100,100,150,150,150,150,150/false/-1
60evo0-1/6/31/30
DefP/false/494,502,511,519,527,535,543,551,559,567,575,582,590,598,605,613,620,628,635,643,651,658,666,674,682,690,697,705,713,720/true/-1
DefM/false/369,376,382,388,394,400,406,412,418,424,430,435,441,447,453,458,464,470,475,481,487,493,498,504,510,516,521,527,533,539/true/-1
FCE/false/7,7,7,7,7,10,10,10,10,10,10,10,10,10,10,14,14,14,14,14,14,14,14,14,14,18,18,18,18,24/true/-1
VIT/false/13,13,13,13,13,18,18,18,18,18,18,18,18,18,18,22,22,22,22,22,22,22,22,22,22,26,26,26,26,28/true/-1
PV/false/0,0,0,0,0,300,300,300,300,300,300,300,300,300,300,350,350,350,350,350,350,350,350,350,350,450,450,450,450,450/false/-1
PM/false/0,0,0,0,0,0,0,0,0,0,0,0,0,0,0,100,100,100,100,100,100,100,100,100,100,150,150,150,150,150/false/-1
60evo0-2/6/31/30
DefP/false/456,464,471,479,486,494,501,509,516,523,530,538,545,552,559,566,573,580,586,593,600,608,615,622,629,636,644,651,658,665/true/-1
DefM/false/341,347,353,358,364,369,375,381,386,391,397,402,407,413,418,423,428,433,438,444,449,455,460,465,471,476,481,487,492,497/true/-1
FCE/false/10,10,10,10,10,14,14,14,14,14,14,14,14,14,14,18,18,18,18,18,18,18,18,18,18,22,22,22,22,26/true/-1
VIT/false/10,10,10,10,10,14,14,14,14,14,14,14,14,14,14,18,18,18,18,18,18,18,18,18,18,22,22,22,22,26/true/-1
PV/false/0,0,0,0,0,150,150,150,150,150,150,150,150,150,150,240,240,240,240,240,240,240,240,240,240,340,340,340,340,340/false/-1
PM/false/0,0,0,0,0,150,150,150,150,150,150,150,150,150,150,210,210,210,210,210,210,210,210,210,210,260,260,260,260,260/false/-1
60evo0-3/6/31/30
DefP/false/228,232,235,239,243,247,250,254,258,261,265,269,272,276,279,283,286,290,293,296,300,304,307,311,314,318,322,325,329,332/true/-1
DefM/false/170,173,176,179,182,184,187,190,193,195,198,201,203,206,209,211,214,216,219,222,224,227,230,232,235,238,240,243,246,248/true/-1
FCE/false/3,3,3,3,3,4,4,4,4,4,4,4,4,4,4,6,6,6,6,6,6,6,6,6,6,9,9,9,9,10/true/-1
VIT/false/7,7,7,7,7,10,10,10,10,10,10,10,10,10,10,12,12,12,12,12,12,12,12,12,12,13,13,13,13,16/true/-1
PV/false/0,0,0,0,0,150,150,150,150,150,150,150,150,150,150,250,250,250,250,250,250,250,250,250,250,350,350,350,350,350/false/-1
PM/false/0,0,0,0,0,100,100,100,100,100,100,100,100,100,100,150,150,150,150,150,150,150,150,150,150,200,200,200,200,200/false/-1
60evo0-4/6/31/30
DefP/false/266,270,275,279,284,288,292,297,301,305,309,313,318,322,326,330,334,338,342,346,350,354,358,363,367,371,375,379,384,388/true/-1
DefM/false/199,202,205,209,212,215,219,222,225,228,231,234,237,240,244,247,250,253,256,259,262,265,268,271,274,277,281,284,287,290/true/-1
FCE/false/5,5,5,5,5,7,7,7,7,7,7,7,7,7,7,9,9,9,9,9,9,9,9,9,9,11,11,11,11,13/true/-1
VIT/false/5,5,5,5,5,7,7,7,7,7,7,7,7,7,7,9,9,9,9,9,9,9,9,9,9,11,11,11,11,13/true/-1
PV/false/0,0,0,0,0,200,200,200,200,200,200,200,200,200,200,300,300,300,300,300,300,300,300,300,300,380,380,380,380,380/false/-1
PM/false/0,0,0,0,0,50,50,50,50,50,50,50,50,50,50,100,100,100,100,100,100,100,100,100,100,170,170,170,170,170/false/-1
30evo0R-0/4/6/25
DefP/false/225,237,249,260,270,281,291,300,311,321,329,339,348,357,366,375,383,392,400,408,417,425,432,441,448/true/-1
DefM/false/168,177,185,194,202,210,218,225,232,239,246,254,261,267,274,280,286,293,299,305,311,317,323,329,335/true/-1
FCE/false/4,4,4,4,4,4,4,4,4,4,5,5,5,5,5,5,5,5,5,5,9,9,9,9,9/true/-1
VIT/false/2,2,2,2,2,2,2,2,2,2,3,3,3,3,3,3,3,3,3,3,4,4,4,4,4/true/-1
30evo0R-1/4/6/25
DefP/false/292,308,323,338,351,365,378,392,404,417,429,441,453,464,476,486,498,509,520,531,542,552,562,573,582/true/-1
DefM/false/219,230,242,252,262,273,282,293,302,311,321,329,339,347,356,364,372,381,389,398,405,413,420,429,436/true/-1
FCE/false/3,3,3,3,3,3,3,3,3,3,5,5,5,5,5,5,5,5,5,5,9,9,9,9,9/true/-1
VIT/false/5,5,5,5,5,5,5,5,5,5,10,10,10,10,10,10,10,10,10,10,16,16,16,16,16/true/-1
30evo0R-2/4/6/25
DefP/false/269,284,298,311,324,336,350,360,372,384,395,407,418,429,440,449,460,470,480,490,500,509,519,528,538/true/-1
DefM/false/202,213,222,233,243,252,261,270,279,287,296,304,312,321,328,336,344,352,359,366,374,381,388,395,402/true/-1
FCE/false/4,4,4,4,4,4,4,4,4,4,8,8,8,8,8,8,8,8,8,8,12,12,12,12,12/true/-1
VIT/false/4,4,4,4,4,4,4,4,4,4,8,8,8,8,8,8,8,8,8,8,12,12,12,12,12/true/-1
30evo0R-3/4/6/25
DefP/false/135,142,149,155,162,168,174,180,186,192,197,203,209,214,220,225,230,234,240,245,250,255,260,264,269/true/-1
DefM/false/101,106,111,117,122,126,130,135,140,143,148,152,156,160,164,168,172,176,179,183,186,190,194,197,201/true/-1
FCE/false/2,2,2,2,2,2,2,2,2,2,3,3,3,3,3,3,3,3,3,3,4,4,4,4,4/true/-1
VIT/false/4,4,4,4,4,4,4,4,4,4,5,5,5,5,5,5,5,5,5,5,9,9,9,9,9/true/-1
30evo0R-4/4/6/25
DefP/false/158,166,173,182,189,196,203,210,218,224,231,237,244,250,256,262,268,274,280,286,292,297,303,309,314/true/-1
DefM/false/118,124,130,136,141,147,153,158,162,167,172,178,182,186,191,196,201,204,209,214,218,222,226,231,234/true/-1
FCE/false/3,3,3,3,3,3,3,3,3,3,4,4,4,4,4,4,4,4,4,4,6,6,6,6,6/true/-1
VIT/false/3,3,3,3,3,3,3,3,3,3,4,4,4,4,4,4,4,4,4,4,6,6,6,6,6/true/-1
30evo0-0/4/6/25
DefP/false/187,197,207,216,225,234,242,250,259,267,274,282,290,297,305,312,319,326,333,340,347,354,360,367,373/true/-1
DefM/false/140,147,154,161,168,175,181,187,193,199,205,211,217,222,228,233,238,244,249,254,259,264,269,274,279/true/-1
FCE/false/3,3,3,3,3,3,3,3,3,3,4,4,4,4,4,4,4,4,4,4,7,7,7,7,7/true/-1
VIT/false/1,1,1,1,1,1,1,1,1,1,2,2,2,2,2,2,2,2,2,2,3,3,3,3,3/true/-1
30evo0-1/4/6/25
DefP/false/243,256,269,281,292,304,315,326,336,347,357,367,377,386,396,405,415,424,433,442,451,460,468,477,485/true/-1
DefM/false/182,191,201,210,218,227,235,244,251,259,267,274,282,289,296,303,310,317,324,331,337,344,350,357,363/true/-1
FCE/false/2,2,2,2,2,2,2,2,2,2,4,4,4,4,4,4,4,4,4,4,7,7,7,7,7/true/-1
VIT/false/4,4,4,4,4,4,4,4,4,4,8,8,8,8,8,8,8,8,8,8,13,13,13,13,13/true/-1
30evo0-2/4/6/25
DefP/false/224,236,248,259,270,280,291,300,310,320,329,339,348,357,366,374,383,391,400,408,416,424,432,440,448/true/-1
DefM/false/168,177,185,194,202,210,217,225,232,239,246,253,260,267,273,280,286,293,299,305,311,317,323,329,335/true/-1
FCE/false/3,3,3,3,3,3,3,3,3,3,6,6,6,6,6,6,6,6,6,6,10,10,10,10,10/true/-1
VIT/false/3,3,3,3,3,3,3,3,3,3,6,6,6,6,6,6,6,6,6,6,10,10,10,10,10/true/-1
30evo0-3/4/6/25
DefP/false/112,118,124,129,135,140,145,150,155,160,164,169,174,178,183,187,191,195,200,204,208,212,216,220,224/true/-1
DefM/false/84,88,92,97,101,105,108,112,116,119,123,126,130,133,136,140,143,146,149,152,155,158,161,164,167/true/-1
FCE/false/1,1,1,1,1,1,1,1,1,1,2,2,2,2,2,2,2,2,2,2,3,3,3,3,3/true/-1
VIT/false/3,3,3,3,3,3,3,3,3,3,4,4,4,4,4,4,4,4,4,4,7,7,7,7,7/true/-1
30evo0-4/4/6/25
DefP/false/131,138,144,151,157,163,169,175,181,186,192,197,203,208,213,218,223,228,233,238,243,247,252,257,261/true/-1
DefM/false/98,103,108,113,117,122,127,131,135,139,143,148,151,155,159,163,167,170,174,178,181,185,188,192,195/true/-1
FCE/false/2,2,2,2,2,2,2,2,2,2,3,3,3,3,3,3,3,3,3,3,5,5,5,5,5/true/-1
VIT/false/2,2,2,2,2,2,2,2,2,2,3,3,3,3,3,3,3,3,3,3,5,5,5,5,5/true/-1
anima2/6/1/66
Toucher/false/8,8,8,8,8,8,8,8,8,8,8,8,8,8,8,8,8,8,8,8,8,8,8,8,8,8,8,8,8,8,8,8,8,8,8,8,8,8,8,8,8,8,8,8,8,8,8,8,8,8,8,8,8,8,8,8,8,8,8,8,8,8,8,8,8,8/false/-1
FCE/false/2,2,2,2,2,2,2,2,2,2,2,2,2,2,2,3,3,3,3,3,3,3,3,3,3,5,5,5,5,5,5,5,5,5,5,8,8,8,8,8,8,8,8,8,8,9,9,9,9,9,9,9,9,9,9,10,10,10,10,12,13,13,13,13,13,14/true/-1
VIT/false/2,2,2,2,2,2,2,2,2,2,2,2,2,2,2,2,2,2,2,2,2,2,2,2,2,4,4,4,4,4,4,4,4,4,4,5,5,5,5,5,5,5,5,5,5,7,7,7,7,7,7,7,7,7,7,8,8,8,8,10,11,11,11,11,11,11/true/-1
INT/false/2,2,2,2,2,2,2,2,2,2,2,2,2,2,2,2,2,2,2,2,2,2,2,2,2,4,4,4,4,4,4,4,4,4,4,5,5,5,5,5,5,5,5,5,5,7,7,7,7,7,7,7,7,7,7,8,8,8,8,10,11,11,11,11,11,11/true/-1
VOL/false/5,5,5,5,5,5,5,5,5,5,5,5,5,5,5,5,5,5,5,5,5,5,5,5,5,7,7,7,7,7,7,7,7,7,7,8,8,8,8,8,8,8,8,8,8,10,10,10,10,10,10,10,10,10,10,11,11,11,11,13,14,14,14,14,14,14/true/-1
AGI/false/2,2,2,2,2,2,2,2,2,2,2,2,2,2,2,2,2,2,2,2,2,2,2,2,2,4,4,4,4,4,4,4,4,4,4,5,5,5,5,5,5,5,5,5,5,7,7,7,7,7,7,7,7,7,7,8,8,8,8,10,11,11,11,11,11,11/true/-1
anima3/3/1/66
Toucher/false/8,8,8,8,8,8,8,8,8,8,8,8,8,8,8,8,8,8,8,8,8,8,8,8,8,8,8,8,8,8,8,8,8,8,8,8,8,8,8,8,8,8,8,8,8,8,8,8,8,8,8,8,8,8,8,8,8,8,8,8,8,8,8,8,8,8/false/-1
TCCM/false/0,0,0,0,1,1,1,1,1,1,1,1,1,1,2,2,2,2,2,2,2,2,2,2,2,2,3,3,3,3,3,3,3,3,3,3,3,3,3,3,3,4,4,4,4,4,4,4,4,4,4,4,4,4,4,4,5,5,5,5,5,5,5,5,5,5/false/-1
DCCM/false/1,1,1,1,2,2,2,2,3,3,3,3,4,4,4,4,5,5,5,5,6,6,6,6,6,6,7,7,7,7,7,7,8,8,8,8,8,8,9,9,9,9,9,9,10,10,10,10,10,10,11,11,11,11,11,11,12,12,12,12,12,12,13,13,13,13/false/-1
anima4/3/1/66
Toucher/false/8,8,8,8,8,8,8,8,8,8,8,8,8,8,8,8,8,8,8,8,8,8,8,8,8,8,8,8,8,8,8,8,8,8,8,8,8,8,8,8,8,8,8,8,8,8,8,8,8,8,8,8,8,8,8,8,8,8,8,8,8,8,8,8,8,8/false/-1
TCCP/false/0,0,0,0,1,1,1,1,1,1,1,1,1,1,2,2,2,2,2,2,2,2,2,2,2,2,3,3,3,3,3,3,3,3,3,3,3,3,3,3,3,4,4,4,4,4,4,4,4,4,4,4,4,4,4,4,5,5,5,5,5,5,5,5,5,5/false/-1
DCCP/false/1,1,1,1,2,2,2,2,3,3,3,3,4,4,4,4,5,5,5,5,6,6,6,6,6,6,7,7,7,7,7,7,8,8,8,8,8,8,9,9,9,9,9,9,10,10,10,10,10,10,11,11,11,11,11,11,12,12,12,12,12,12,13,13,13,13/false/-1
anima5/4/1/66
Toucher/false/8,8,8,8,8,8,8,8,8,8,8,8,8,8,8,8,8,8,8,8,8,8,8,8,8,8,8,8,8,8,8,8,8,8,8,8,8,8,8,8,8,8,8,8,8,8,8,8,8,8,8,8,8,8,8,8,8,8,8,8,8,8,8,8,8,8/false/-1
DefP/false/6,12,17,23,29,35,40,46,52,58,63,69,75,81,86,92,98,104,109,115,121,127,132,138,144,150,155,161,167,173,178,184,190,196,201,207,213,219,224,230,236,242,247,253,259,265,270,276,282,288,293,299,305,311,316,322,328,334,339,345,351,357,362,368,374,380/true/-1
DefM/false/5,9,14,18,23,28,32,37,41,46,51,55,60,64,69,74,78,83,87,92,97,101,106,110,115,120,124,129,133,138,143,147,152,156,161,166,170,175,179,184,189,193,198,202,207,212,216,221,225,230,235,239,244,248,253,258,262,267,271,276,281,285,290,294,299,304/true/-1
Parade/false/0,0,0,0,1,1,1,1,2,2,2,2,2,2,2,2,3,3,3,3,3,3,3,4,4,4,4,4,4,4,4,4,5,5,5,5,5,5,5,5,5,5,5,5,6,6,6,6,6,6,6,6,6,7,7,7,7,7,7,7,7,7,8,8,8,8/false/-1
anima6/2/1/66
Toucher/false/10,10,10,10,11,11,11,11,12,12,12,12,13,13,13,13,13,13,13,13,14,14,14,14,15,15,15,15,16,16,16,16,16,16,16,16,17,17,17,17,18,18,18,18,19,19,19,19,19,19,19,19,20,20,20,20,21,21,21,21,22,22,22,22,22,22/false/-1
ESQ/false/2,2,2,2,2,2,2,2,3,3,3,3,3,3,3,3,4,4,4,4,4,4,4,4,5,5,5,5,5,5,5,5,6,6,6,6,6,6,6,6,7,7,7,7,7,7,7,7,8,8,8,8,8,8,8,8,9,9,9,9,9,9,9,9,10,10/false/-1
anima7/4/1/66
Toucher/false/8,8,8,8,8,8,8,8,8,8,8,8,8,8,8,8,8,8,8,8,8,8,8,8,8,8,8,8,8,8,8,8,8,8,8,8,8,8,8,8,8,8,8,8,8,8,8,8,8,8,8,8,8,8,8,8,8,8,8,8,8,8,8,8,8,8/false/-1
Atk/false/6,13,19,25,31,38,44,50,56,63,69,75,81,88,94,100,106,113,119,125,131,138,144,150,156,163,169,175,181,188,194,200,206,213,219,225,231,238,244,250,256,263,269,275,281,288,294,300,306,313,319,325,331,338,344,350,356,363,369,375,381,388,394,400,406,413/true/-1
AtkD/false/6,13,19,25,31,38,44,50,56,63,69,75,81,88,94,100,106,113,119,125,131,138,144,150,156,163,169,175,181,188,194,200,206,213,219,225,231,238,244,250,256,263,269,275,281,288,294,300,306,313,319,325,331,338,344,350,356,363,369,375,381,388,394,400,406,413/true/-1
AtkM/false/5,10,15,20,25,30,35,40,45,50,55,60,65,70,75,80,85,90,95,100,105,110,115,120,125,130,135,140,145,150,155,160,165,170,175,180,185,190,195,200,205,210,215,220,225,230,235,240,245,250,255,260,265,270,275,280,285,290,295,300,305,310,315,320,325,330/true/-1
anima8/1/1/66
PM/false/15,30,45,60,75,90,105,120,135,150,165,180,195,210,225,240,255,270,285,300,315,330,345,360,375,390,405,420,435,450,465,480,495,510,525,540,555,570,585,600,615,630,645,660,675,690,705,720,735,750,765,780,795,810,825,840,855,870,885,900,915,930,945,960,975,990/false/-1